 6423
 9142
 1006
 2542
 9457
 4837
 5680
  150
  766
 6802
 3106
 2303
 9570
   70
 2149
 4791
 8832
 7009
 8797
 1723
 6871
   18
 2959
 5276
 6112
 5971
 1802
 6980
 3617
 9208
 4188
  201
 9467
 6197
 7852
 2860
 2287
 7746
 8773
 8967
 1979
 3783
 7689
 5235
 7607
 9990
 3603
 6774
 3365
 3102
 8613
  292
 8766
 7309
 3120
 7825
 2516
 7266
 2523
 9474
 5452
 5703
 1053
 9191
 4437
 6211
 7352
 5074
 3371
 5874
 2052
 2608
 2345
 5449
 9725
 5756
 8378
 1051
 4859
 7094
 3324
 9943
 5185
 6223
 7476
  583
 4082
 4261
 8721
 3343
 3142
 2247
   37
 2094
 5379
 3301
 1838
 4554
 6306
 2020
 1477
 8380
 7549
 1726
 2698
 7906
  551
 6415
 6379
 1319
 3223
 9307
 4616
 7053
 9135
 6105
 1293
 7417
 8905
 2334
 2271
 1785
 3914
 4117
 7962
 4221
 8676
 9757
 2186
 2031
 4493
 6603
 1233
 5020
 2320
 8516
 4471
 3812
 7283
 2927
 7984
 6459
 5723
 3575
 2546
 1373
 6255
 7581
 3151
 8397
 1774
 1057
 3841
 3727
 8203
 5390
 9905
 6902
 9292
 4406
 4700
 8738
  754
  654
 2985
 9277
 4503
 4549
 6899
 2890
 9536
 4637
  820
 8799
 4959
 1443
 5123
   23
 7431
 8136
 3413
 7469
 4690
 5819
 3846
  417
 8198
 9417
 7406
 2691
 1145
 5982
  888
 3172
 7232
 4028
 2433
  235
 2827
 5190
 8277
 3821
 3986
  718
 5089
 1714
 3929
 5637
 5040
 8666
 2490
 3591
 7871
 2585
 1263
 5051
 9630
 2425
 4830
 4078
 6418
 1992
 4227
 1724
 2598
 2946
 4050
 4096
 8223
 3827
 3957
 8877
 1491
  321
 4732
 2587
 1079
 9274
 1607
 7895
  577
  345
 6448
 1625
 6395
 5304
 5377
 7207
 5512
 3056
 1473
 5784
 8044
  809
 5337
 3000
 6446
 8809
 8522
 6788
 6735
 4288
 3985
 5754
 1923
 8748
 7730
  608
 5417
 4173
 8407
 6443
 5352
 8207
 1280
 9291
 6628
  547
 6461
 5933
 6390
 2426
  690
 9180
 4799
 7169
 4588
 9693
 8140
 9119
 2897
 8003
 9522
 9378
 3962
 9865
 7224
 5041
 3463
 8031
  693
  891
 4786
 5249
 1164
 9377
 3869
 9578
 1691
 3669
 9398
 2539
 5888
 1002
 2353
 8239
 4098
 9035
 5328
 8298
 2326
 9213
 2265
 2067
 5054
   84
  371
 6332
  416
  691
 6572
 2879
 7780
 3205
 8736
 8481
 7776
 1943
 8776
 3112
 4448
 2466
  967
 1148
 9454
 3211
 2596
 7338
 4500
 9942
 4409
 8001
  593
   80
 2439
 2330
 5584
  762
 2507
 2704
 3526
 7245
 7914
 3241
 4617
   99
   88
 1078
 8244
 7786
 7410
 7060
 7176
 6786
  531
  182
 7616
 9883
 8430
 9330
 8478
 8047
  194
 9616
 8238
 3081
 8743
 6868
 8573
 1063
 1331
 2369
 6253
 5113
 3960
 1609
 4548
 4630
 3598
 6169
 7178
 8709
 6317
 3916
 6460
 3075
 5058
 4609
 6632
 7745
  323
 4870
 6544
 7982
 4897
 5177
 2209
 4722
 6700
 6084
 2081
 2260
 6748
 9779
 2019
  467
 7719
 3710
 2759
 5799
 9662
 5705
 2993
 3734
 3630
 3980
 4147
 7039
 2602
 7988
 6653
 5192
 3039
 2213
 8156
 7164
 7831
 4593
 5206
 2876
 5288
 2308
 3833
 7215
 1460
 6685
 1970
 1389
 1133
 2605
 3505
  137
 6226
 1581
 1929
 6569
 9509
 5879
 3695
 9133
 6070
 6761
  250
  960
 5840
 8578
 3464
 2299
 1915
 3202
 2648
 9210
  655
 7703
 1592
 7450
 3994
 6724
 2514
 5008
 2651
 2239
 7919
 4733
 5625
 9631
 8576
 7268
 8608
 3939
 3501
 7986
 8014
 5234
 9278
 4122
 9637
 9487
 2823
 4543
 7930
 2101
 6022
 6865
 6400
 6182
 7412
  234
 8656
 4128
  158
 1870
 4524
  220
  346
 9372
 1719
 2839
  102
 3577
 9615
 5700
 8030
 2233
 9019
 1686
 8222
 8480
 2722
 4283
 6091
 3245
  900
 6472
 9985
 5460
 3204
 7454
 5159
 8690
 2163
 1000
 9531
 4977
 1467
 4683
 5497
 1612
 6481
 4560
 1132
 4729
 8885
 5583
 8167
 4014
 1825
 3896
 1213
  134
 6872
 5141
 1368
 8808
   45
  507
 7036
 5602
 1080
 2794
 3762
 2958
 6755
 3325
 5904
 4876
 7567
 9078
 8515
 7319
 5880
 2318
  161
 4509
 1411
 9747
 6994
 2395
 7385
 8923
 8585
 1285
 1086
 9423
 1201
  948
 5222
  832
 5522
 1126
 3422
 8777
 1016
  740
 1892
 5794
 2844
 7816
 6677
 3091
 4102
 9237
 5253
 5914
 5665
 1738
 5868
 4784
  761
 7130
 1170
 1052
 1050
 2390
 2859
 6178
 9937
  521
 9891
 1631
 9815
 9411
 7545
 6726
 8446
 8149
 2159
 5950
  623
  248
 3097
 1983
 6126
 7470
 4838
 6413
  824
 7688
 3006
 4873
 4428
 7123
 5093
 2307
 8024
 3497
 4360
 5535
 8623
 3578
  255
 9624
 1532
 5593
 2908
  906
 1396
 3490
 8307
 8768
 1904
 2661
  103
 2290
  695
  118
 4367
 6405
 8716
 4273
 9814
 2589
 9702
 5290
 8116
 2658
  850
 9483
 1662
 5728
  889
 1526
 1628
 1301
 3868
 2895
 1566
 5404
  716
 6944
 8527
 4178
 7143
  757
 3472
 5958
 7199
  904
 7735
 8889
 4218
 4925
 2471
 6773
  972
 4282
 5511
 8015
 9828
 2979
 6238
 2463
 1828
 2359
 3217
 7663
 6501
 1042
 8269
 5822
 1211
 3244
 8070
 3060
 7225
 3688
 2553
 2764
 9490
 9710
 6484
 9026
 7833
 1247
 5450
 7289
 4143
 3663
 8317
 7459
 8455
 8461
 7773
 9658
  959
 6519
 7498
 6529
 5346
 2259
  556
 5163
 8163
 2583
 1545
  596
 1568
 4086
  187
  198
 2322
 8243
 2047
 8975
 7362
  480
 4080
 4780
 7378
 5136
 3133
 7531
 2026
 7983
 7108
 2921
 7614
 4957
 1508
 1775
 1089
  629
 1661
 6199
 9136
 9758
  565
 9022
 3823
 3993
  779
  884
 6981
 9240
 1512
 7779
 9625
 4065
 4479
 7672
 8681
 4687
 9355
 6493
 8693
 4271
 2659
 6427
 2058
  946
 7594
  164
  190
 1559
 8935
 5585
 6327
 8803
 6933
 5825
 2018
 1392
 1782
 4194
 9634
 7716
 1313
  847
 1429
 6478
 5561
 8594
 4329
 9217
 9012
 6838
 9829
 1342
 7939
 2762
 6540
 8973
 2263
 3192
 7961
 3907
 6884
 2950
 8546
 1399
 5826
 2998
 9032
 9183
 3292
 2915
  858
 8569
 9857
 7708
 8364
 4182
 1232
 5764
 1742
 6859
 8285
 8502
 6970
 4316
 2936
  590
 6289
 2540
 6123
 9320
 9877
 2736
 5461
 5873
 5737
 6397
 3626
 8319
 6766
 1586
 4556
 8172
 3288
 3481
 6499
 2930
 6157
 1893
 2193
 3350
 4381
 5160
 2675
 1606
 6020
 9174
 2679
 5577
 6488
 4761
 7809
 8409
 7951
  131
 5963
  607
 7940
 7211
 5672
 8328
  840
 9586
 7667
 9909
 9409
 6571
 4425
 4322
 4284
 5542
 5993
 9309
 1282
 2226
 1994
 3822
 1264
 1299
 8218
 6287
 5960
 9281
 6828
 7856
 2904
 4678
 3315
 5861
 5252
 3408
 3674
 6543
 2448
 3634
 5393
 4383
 7321
 3924
 1024
 6333
 5075
 7991
 1722
 2696
 6798
 8821
 3536
 7448
  515
 2918
 1905
 4987
 9295
 1510
 9843
 4490
 9239
 1974
 6214
 3004
 7438
 8869
 7324
 4816
  907
 9538
 1632
 8039
 7891
  805
 3652
 9976
 5132
 7661
 1394
  602
 2712
 5419
 1369
 9898
 3921
 5396
 1361
 1834
 1365
 2676
 8954
 5590
 4039
 5894
 8076
 5668
 8670
 5120
 8237
 5308
 8963
  471
 3918
 6759
 1576
 7482
 8435
  361
 3945
 6237
 9441
 1553
 3905
 9038
 1122
 3859
 5573
 7538
 7265
 6612
 8150
 4846
 5275
 2365
 5505
 6058
 8276
 3432
 3554
 6894
 4639
 2655
 6568
  896
 8524
 4739
 7152
 9574
 6490
 4885
 2424
 6152
 2909
 3264
 7955
 7444
  962
 8361
  938
 4495
 8993
 9272
 4459
 5859
 5943
 7970
 4033
 8574
  145
 4655
 3545
 7122
 6314
 9470
 2100
 9452
 9632
 6897
 6751
 4910
 6138
 9108
 5364
 7212
 7200
 2519
 1913
 6738
 1522
 6617
  191
 1584
 8357
 8087
 7990
 8734
 3222
 1262
 2971
 6248
 2246
 1388
  143
 4124
 4862
 4743
 3967
 6366
  376
 7068
 6375
 7204
 2409
 1245
 3608
 8996
 9099
 4354
  121
 4826
 2977
 7425
 5050
 1025
 2062
 8375
 8534
 4023
 4349
 2972
 9964
 1447
  546
 3931
 3716
 1710
 4450
 9079
 9641
 8848
 5004
 2643
 3308
 2729
 5149
 1308
 3152
 5658
 6162
 9376
 9080
 9874
 2943
 5108
 6615
 4118
 8966
 5876
 8533
  245
 7767
    8
   89
 3437
 5902
 7441
 5917
 5176
 8022
 9150
 2621
 1895
 7379
 5427
 6925
 8637
 6914
 4145
 2268
 3467
 4614
 5751
 3236
 2769
 4055
   90
 2189
 1793
 7900
 1184
  645
 8314
 4302
 5694
 4705
 5394
 4855
 1601
 7754
 3514
 6835
 5769
 8411
  945
  939
 9235
  684
 9686
   52
 9177
 8713
 2688
 2402
 7049
 3268
 2534
 4798
 5579
 7503
 2045
 6171
  418
 3883
 1731
 3021
 4778
 3638
 1387
 4371
 8300
   79
 7205
 4692
 7359
   43
 2629
 3576
 4281
 4286
 9769
 1077
 6312
 6456
 3159
 8252
 7952
 2525
 2949
 9784
 8424
 6824
 9095
  209
 6176
 5264
 8572
 1761
 3935
  636
  383
 9672
 9685
 7981
 4976
 8742
 2324
 6243
 6048
 1059
 3232
 2059
 9970
 7103
 7474
 1839
 6148
 4806
 7222
 5519
 9429
 7012
 1757
 3949
 4444
 4175
 3784
 6760
 3380
 6662
 3799
 2022
 5766
 1989
 4918
 9920
 1807
 4445
 6881
 6318
 2821
 4829
 3032
  500
 3484
 6031
 2011
 6814
 7973
 3706
 4565
 7468
 4625
 5218
 7803
 5431
 1936
 5061
 2826
 9242
 7631
 5426
 3518
 8972
 6430
 2531
 6406
 4187
  720
 1239
 3920
 9407
 2951
 1682
 2103
 8028
 8605
 5138
 9914
 1657
 5566
 8101
 6181
 6542
 5660
 2485
 2006
  315
 9627
 3721
 9293
 4975
  350
 5150
 8280
 2810
 6794
 9338
 5071
 1613
 8166
  812
 8731
 8185
 5013
  299
 2580
 2489
 5076
 8148
 6514
 8048
 2697
  665
  664
 4553
 6195
 8618
 1921
 9882
  119
 3351
 9922
  279
  287
 3548
 2219
  448
 4260
 4944
 6791
 4628
 7491
 6288
 2966
 8489
 7168
 2962
 8810
 4559
 6147
 9410
 6929
 9246
 8278
  731
 4590
  635
 4335
 5282
   11
 9797
 7107
 2541
 4601
 8127
 4909
  575
 9165
  479
 8683
 5055
 2072
 7106
 8937
 3267
  826
 1482
 9344
 7089
 6002
  867
 5347
 6657
  771
 3777
 6521
 1575
 3023
  357
 7608
 5368
 1727
 5155
 6817
 2790
 2008
 8174
  944
 8396
 9336
 9892
 1978
 5250
 7054
 6919
  574
 7524
   66
 4853
 3992
 9469
 8667
 8051
 4844
 4222
  822
 9869
 8423
 5301
 9962
 5292
 8219
 7258
 9888
 6392
 1734
 9705
 4129
 6319
 7483
 4782
  243
 6848
 7331
 7144
 4438
 9350
  183
 8390
  973
 5528
 1290
 5709
 8490
 1617
 3826
 1618
 6590
    7
  563
 8294
 3049
 6396
 6741
 3875
 8823
 9342
 1270
  430
 5191
 7263
  910
 4620
 1819
 3105
 5916
 5162
 5126
 6550
 3374
 9906
 1735
 2437
 8916
  273
 8288
 7148
 3913
 5973
 1197
  569
 9186
 9181
 1659
 6042
 3740
 6303
 3194
 2188
 9525
 1386
 3468
 1320
 8897
 8126
  199
 1701
 7278
 8404
 5839
 7893
 2654
 4180
 1119
 9477
 4943
 6492
 5462
 2225
 7043
 1226
 7639
 4101
 6803
  477
 9951
 7051
 9111
 8586
 1497
 4532
 1614
  229
 2986
 9008
 5929
 7005
 3953
 7828
 7917
 1855
 6581
 4115
 3908
 8452
 3813
 2256
 1509
 5550
 5370
 8088
 2449
  213
 8115
 7995
 4397
 4868
 6008
 8770
 9001
 4400
 2000
  875
 8123
 9901
  717
  318
 5534
 7584
 8137
 4156
  834
 9979
 2281
 4160
 4589
 7660
 1786
  632
 7477
  848
 2641
 8206
 7738
 8701
 3773
 5761
 7877
 3628
 8509
 3477
 5623
 7515
 2974
 4270
 2102
 9946
 4250
 5216
 6539
 8471
 9123
  774
 4375
  584
 2606
 9913
 8007
 9303
 5121
 1842
 4537
 5472
 8437
 3533
 9765
 4709
 6004
 2765
 2995
 1540
 9134
 3670
 1728
 8135
 9100
 7945
 8882
 9558
 7845
 7774
 4879
 2501
  558
 1354
 2917
 4057
 5220
 7306
 9633
 2841
 5168
 2436
 3322
 9980
   71
 4004
 5795
 1535
 9327
 9011
 2078
 2177
 3469
 4919
 5258
  398
 2451
 2715
 2306
 9968
 4245
 2555
 9472
 2240
 6245
  937
 9549
 7511
 9068
 5440
 8266
 6360
 4527
 7758
 4594
 2161
 7577
 8520
 1928
 9163
 4558
 9707
  630
 6732
 9619
 7242
 7974
 5334
 9322
 6075
 9612
 5172
 6967
 7015
 7609
 2397
 8383
 4973
  686
 5674
 3028
 1808
 1194
 6885
   98
 8568
 9651
 3696
 8063
 5293
  364
  449
 8912
 9302
 4662
 8081
 8838
 1558
 4822
 3737
 7030
 7571
 3041
 1382
 8588
  463
 3454
 9248
 6955
 8094
 7885
 9750
 9744
 9308
 9053
 9386
 7428
 4071
 7741
 6202
 8224
 6290
 4928
 5889
 4483
 1464
 6731
 8256
 1038
 2496
 3047
 6781
 6219
 2837
 5096
  913
 1017
 3230
  303
 1020
 1725
 8265
 9464
 8013
 7023
 1187
 4576
   94
 9043
 6744
 5768
 7007
 2214
 9654
 5383
 6055
 1784
 2405
  481
 9699
 8733
 7664
 3131
 2513
 9173
 6376
 4841
 2469
   57
 1356
 4150
 7369
 6323
 6130
 7950
  830
 1499
 8299
 6847
 8475
 1181
 6533
 4059
 6428
 9395
 7280
 3796
 9375
 8760
  385
 7599
 7128
 5599
 3218
  788
 2750
 9104
  964
 2633
  443
 8980
 3438
 4161
 2363
 1711
 9708
 3583
 9496
 6584
 7004
 6016
 1947
 8389
 4392
 5663
 6432
  180
 9097
 4621
 5081
 2238
 8621
 9966
 2955
 8462
 6425
 1431
 2809
 5738
  804
 4269
 8645
 6422
 9385
 4308
 4236
 5094
 7421
 9451
  678
 5807
 1600
 6624
 6951
 2474
   32
 5285
 9728
 3037
 1629
 3527
 6103
  626
 6775
 3458
 1501
  976
 2084
 2202
 2120
 3834
 7965
 7728
 2025
 7390
 6204
 6135
 6651
 5106
 9033
 4239
 1321
 8575
 5092
 7875
 8579
 6343
 6746
 6270
  742
 4526
  426
 9649
 1013
 1353
 3999
 9151
 1708
 8000
 3383
 1503
 9120
 6869
 1378
 1517
 2077
 3772
 5037
 9006
 1858
  265
 5601
 6713
 8381
 9450
 9706
 9431
 6465
 5631
 3878
 5151
 6574
 7933
 9069
 1605
 6326
 5133
 2586
  951
 2781
 7656
 1504
 5279
 5643
  373
  288
 1954
 9207
 1311
 9703
 2109
 2724
 4384
 6923
 6965
 4587
 1824
 9585
 4112
 5731
 2157
 2418
 9742
 2616
 9090
 7944
 5356
 1203
 7762
 5860
  458
 8330
 1580
 5507
 8759
 8921
 4181
 7514
 6139
 2257
 5083
 3847
 5961
 6912
 2285
  622
 8599
 6670
 3300
 2415
 6436
  620
 4742
 7132
 8820
 5068
 6361
 5811
 9499
 7909
  893
 3951
 4403
 3313
 9218
 1862
 5656
 2450
 9876
 3729
 2953
 3613
 9676
 1515
 2914
  643
 1932
 3446
 3379
 2037
 7111
 8878
 6143
  795
 2965
 9587
 2389
 9609
  423
 2663
 1927
 7674
  792
 5964
 5312
 4026
  821
 4401
 1672
  538
 4478
 2302
 2125
 8052
 4956
 7479
 6445
   68
 5841
 4433
 9047
  752
 5878
 4265
 9351
 5484
 3564
  613
 4891
  422
 5930
 3096
 6362
 6594
 7705
 2761
 3261
 8311
 5605
 7075
 9929
 7296
 4643
 3103
 3368
  518
 2375
 4659
  576
 8590
 9561
 6044
 8857
 7633
 8254
 2378
 8761
 9813
 4649
 8403
 2944
 4262
 4533
 1669
 4074
 6864
 1341
 2015
 7419
 7699
 9594
 2166
 2563
 4674
 9709
  877
 8066
  854
 8584
  269
 7478
 1103
 7812
 3386
 9539
 8657
 1318
 5552
 2508
 5322
 4688
 6297
 4011
 8785
 6860
 8128
 9807
 8892
 3604
 8658
 9996
 6681
 6021
 2146
 5820
 3904
 9910
 9463
 9144
   65
 5424
 8111
 4268
 3780
 3509
 9568
 9524
 8659
 7402
  495
 5527
 7732
  561
 8033
 6450
 6530
 2682
  704
 4432
 2912
 4066
 5622
 1174
 2892
 6006
 5946
 1114
 2922
 6699
 5947
 4922
 2738
 3703
 9098
 9916
 8248
 8205
 5201
 9969
 4710
 4293
 7190
 5977
 7399
 8117
  609
 3092
   59
 2360
 6313
 5208
 8194
 5289
 2520
 3778
 6234
 1441
 8582
 2672
 5342
 9109
 8850
 3573
  456
 8559
 4035
 9015
 7302
 7829
 1372
 3998
 9030
 9958
 9054
 9073
 1585
 9799
 6740
 2104
 7669
  895
 9915
 6757
 2665
 1630
 9766
 6106
 5989
 2673
 5166
 2131
 6718
 5913
 5598
 3306
 3377
 6938
 7685
 3600
 5095
 3597
 2565
 5516
 1037
   16
  523
  411
  765
  617
 6841
 6927
 3026
 7214
 6193
 6915
 5247
 1770
 4355
 9602
 2083
 2723
 5689
 2295
 4343
 8352
 2134
 8867
 6813
 9731
 2440
 5470
 4174
 7185
 9299
 7446
  955
 2850
 9542
 8596
 9301
 9664
 1105
 9188
 9216
 6125
 4672
 8577
 2862
 7578
 5572
 8680
 3320
 9145
 4869
 2051
    9
 9665
  358
 9219
 1805
 2027
 8037
 8235
 8550
 6708
 3966
 3655
 9952
   22
 2162
 9569
 3291
 3606
  153
 6683
 4300
 4768
  715
 4043
 9961
 2865
 1155
 7158
 3167
 7835
  685
 6373
 4083
 6547
 7340
 9723
  702
 1328
 1988
 9885
 2071
  697
 9827
 5719
 3238
 4961
  333
 3934
 5224
 7194
 9887
 9205
 1598
 3281
 6845
 6159
 7589
 4108
 8144
 5753
 8558
  432
 9902
 8565
  162
 6639
 9329
 2883
 8580
 7796
 5110
 4607
   44
  409
 8191
 1965
  730
 2155
 3393
 8786
  604
 8873
  378
 9432
 9607
 1975
 3568
 7580
 8197
 5777
 1528
  251
 9701
 6284
 1462
 4964
  469
 2782
 1223
 7601
 3952
 4049
 4414
 8129
 9551
 5345
 1274
 8675
 5539
 8377
 9004
 8855
 7760
 1668
 1329
 6167
 3614
  680
 5266
 3829
 8487
 6095
  687
 5713
 6585
 1309
 5010
 1953
 7282
 5348
 2717
 2080
 1822
 1260
 4146
 6558
 1283
 7740
 6693
 4120
 9639
 1967
 6347
 6122
 9037
  855
   46
 5887
 8086
 9768
 1644
 3560
 9867
 1163
 3181
 2768
 8465
  961
 8720
 5972
 4953
 3787
 2141
  770
 1596
 8439
 1702
 5974
 4325
 6187
 7729
 3451
 8846
  885
 7651
 7062
 6852
 5023
 1298
 5049
  179
 8345
 2578
 8079
 1964
 6690
 8304
 3730
 1833
 2229
 9161
 1646
 1060
 4720
 7931
 5385
 7141
 5564
 3179
 3058
 8020
  881
 2656
 9425
 2012
 7870
 7890
 2756
 1377
 5032
 9844
 8419
 9808
 9550
 1608
  527
   62
  585
 1799
 6686
 4114
 1463
 3592
 2562
 1169
 5002
 4121
 5959
 4314
 2097
 1758
 5127
 1912
 6721
  934
  868
 7898
 1797
   53
  591
 2358
 8725
 1977
 1773
 6437
  188
 3938
 5520
 9752
 3738
 2607
 3704
 6906
 3366
 2703
 6734
 6222
 6277
  860
 6183
 7360
 3093
  918
 6810
  520
 7372
 5373
 3168
  794
 6815
 7791
 7092
 9222
 9394
 8315
 7701
 6051
 5504
 8535
 3925
 1619
  927
 6431
  595
 6727
 7019
 3624
 7859
 9667
  829
 5239
 6489
 9202
 7460
 8132
 1933
   33
 9171
 9405
 5116
 5265
 5340
 1896
 4505
 8689
  845
 5844
 7153
 9682
 5137
 7231
  165
 6920
 7922
 6704
 9833
 1611
  202
 6909
 5547
 2574
 1744
 2932
 9065
 1305
 3685
 4725
 6231
 7790
  963
 1360
 1981
  536
 3246
 1781
 2980
 5538
 2828
 7697
 3594
 9498
 3293
 7542
 4843
 6863
  696
 5261
 4304
 7525
 3357
 3429
 4948
 4166
 8279
 9830
 1307
 3045
 2705
 9332
 9323
 5650
 4214
 4759
 8961
 7420
 3584
 9819
 4652
 5852
 1812
 9571
 8098
 5975
 7262
 6936
 1516
 5699
 5194
 7339
 7229
 6819
 1235
 4937
 7789
 7117
 8775
 5459
 1327
 3631
 8845
 9598
 3917
 2671
 9226
 4512
 7723
 8906
 1750
 3971
 6695
 6039
 8242
 8463
 2344
 8715
 4021
 3836
 2381
 6414
 2878
 8429
 5867
 1680
 2070
 1097
 9873
  977
 8292
  819
 8366
 1502
 1626
 2791
  160
 4552
 3010
 2325
 8638
 1427
 1959
 6082
  559
 7996
 5616
  621
 7041
 6407
 1660
 8959
 9154
 3304
 8930
 3521
 2518
 2173
  733
  441
 4515
 5966
 8255
  524
 3558
  646
 4920
 4600
 4981
 2250
 1481
 9975
 2201
 4800
 1294
 8466
 8159
 2855
 5246
 8871
 2861
 7562
 3605
 1109
 5140
  166
 5858
 8100
 4584
 8531
 8287
 4767
  639
 1764
 6350
 1543
 2336
 8519
 8346
 3635
 3512
 9721
 4954
  369
 8342
 1041
 9596
 2341
 2779
 8453
 4420
 2178
  759
 8824
 1623
 6877
 6200
 6293
 8433
  460
 1034
 8049
 9264
 9623
 9617
  327
 8722
 4651
 1811
 2894
 7274
 4820
 5016
 4738
 8536
 7058
 5910
 6729
 2550
 6468
  231
 6949
 7647
 2432
 3090
 8421
 6067
 8057
 7720
 7764
  370
  880
 2174
 6711
  587
 6124
 8542
 9220
 7423
 1806
 6229
 8431
 6608
 3664
 5455
 5405
 6715
 2776
 6728
 7311
 3046
 2276
 9770
 6674
 2274
 9300
 9727
  578
 1771
  428
 2074
 6812
 7271
  791
 9089
 3661
 5062
 5624
 5980
 8336
 5804
 9523
 9904
 4883
 8309
  129
 8164
 6978
 6846
 2124
 4062
 5088
 7079
 7916
 8762
  775
 2752
 1472
 8008
 5575
 8539
 4487
 6557
 1202
 9048
 8841
 6381
 7131
 2060
 7582
   51
  170
 5682
 4073
 7348
 4887
 5614
 7811
 7358
 1843
  335
 4872
 2191
 8080
  232
 9360
 3572
 3225
 6296
 6164
 2284
 8394
 9096
 9319
 5242
  314
 8697
  444
 3654
 9893
 6307
 6338
  727
 5774
 9583
 8962
 3657
 1010
  363
 8864
 1404
 1171
 6783
 5802
 5399
 8529
 2309
 8910
 4929
  157
 3444
 1603
 5174
    4
 1198
 7264
  760
 2007
 7787
 7807
 7569
 7377
 8726
 9911
 7795
 3014
 4025
 4615
  338
 7958
 2831
 3253
 4900
  667
 9532
  238
 5384
 2926
 5953
 8891
 2650
 4415
 2392
 8888
 3113
  553
 3070
 2366
 1139
 5581
 3644
 5662
 3637
 8216
 8662
 8139
 7985
 7163
 8677
 8305
 6033
 7160
 9449
 3137
 2208
 5286
 4570
 1949
  139
  389
 4077
 7868
 7016
  935
 1413
 5518
 8340
 5435
  785
  807
 8928
 9206
 3100
 8029
 4368
 9854
 9103
  394
 5380
  503
 6796
 4696
 4901
 9369
 6316
 3707
 4529
 2199
 9620
 1445
 3051
 1273
 4002
 9343
  324
 9042
 6131
 4123
 2165
 6768
 2964
 2142
 9755
 8632
 4497
 9023
 8663
 3305
 6121
 3856
 6053
 3590
 4470
 5922
 6546
 8753
 6029
 3609
 5211
 1798
 2714
 6464
 1315
 6041
 4836
 7216
 1817
 9393
  218
 6930
 5300
 2335
 5630
 7927
 6850
 2337
 4669
 5503
 3073
 3153
 3850
 8825
 7527
 9988
 5341
 8898
 8477
  392
 5983
 2558
 4764
   75
 3210
 9348
 9773
 1289
 1408
 2615
 9339
 1056
 8932
 3542
 5355
 4266
 4475
 4935
 1523
 6309
 4084
 1061
 8012
 4783
 3331
 1780
 2356
 2535
 7820
 9656
 1421
 1470
 2126
  391
 6782
 9604
 6676
 7057
  152
 6467
 6083
 1589
 8779
 6564
 3781
 6879
 9260
 1039
 6210
 2476
 1574
 2242
 5669
 3942
 4133
 8705
 9592
 6597
 6227
 3002
 2251
 6668
 4215
 6346
 7677
 4504
 6517
 8589
 9590
 5021
 3084
  800
 8597
 5425
 7259
 6549
 9115
  486
 6064
 6483
 2200
 1076
  116
 5619
 7644
 9851
 9681
 7368
 8751
 6352
 7808
 6408
 6606
 6552
 3912
 2190
 8041
 3582
 8401
 2264
 4602
 3923
 9515
 3310
 6249
 4079
 3342
 7228
 3154
 1073
 6301
 1334
 1286
 2371
 7698
 4994
   30
 5104
 8791
 8103
 4789
 1442
 4142
 5245
 4042
 2040
 8567
 1885
 4776
 3309
 1903
 1406
 4341
 2640
  971
  268
 7156
 8165
 9756
 5638
 4946
 8483
 6745
 9936
 4198
 4501
 7993
 1407
 8289
  989
 7188
 8414
 6435
 9024
 6474
 8730
 2741
 6541
 8553
 3552
 2113
 4461
 3944
 7287
 4676
 6321
 5589
 5927
 5204
 6505
 7937
 1511
 3237
 7134
 8805
 1518
 9258
 7409
 4110
 7550
 9379
 2452
  734
 5042
 7315
 3894
 6525
 6073
 6749
 3880
 3922
 3567
  592
 6950
 9334
  184
 5944
 7947
 5857
 8950
 3650
 4132
 1741
 2997
  749
 7239
  903
 3363
  123
  360
 8359
 3427
 9503
 9960
 7052
 8442
 2216
 3758
 3405
 6334
 2804
 1926
 2349
 2423
 2734
 6987
 1046
  638
 6991
 9101
 5056
 4327
 7081
 7484
 2181
 7380
 9318
 8807
 9116
 5712
 9167
 4912
   83
  978
 3668
 5597
 9982
 2487
 4299
 9881
  916
 3115
 8354
 9926
 4580
 2372
 4839
 8286
 9391
 3029
 5085
 1288
 6701
  705
 4718
 4264
 7992
 7027
 7118
 4750
 2934
 3750
 7572
 6384
 7526
 7233
 7046
 5928
 1478
 3984
 8729
 4276
 7814
 4488
 1434
 1697
 2567
 6589
 4711
 5195
 6151
 9406
 2882
 7624
 1424
 7243
 3599
 5661
 5130
 3207
 4209
 5651
 1269
 5039
 4399
  427
 9991
 8386
 6520
 4684
 8847
  919
 7980
  892
 8960
 4998
 9717
 1454
 6666
 3735
 4772
 9286
 3332
 1165
 9234
 1872
 9388
 1019
  600
 9687
 2288
 4803
 3479
 7415
 6116
 4989
 2323
 9690
 4631
 5156
 5748
 9691
 6905
 7316
  493
 6926
 7733
 2270
 3235
 9673
  815
 3887
 3753
 6236
 7837
 9796
  215
 4644
 6101
 3265
  230
 7782
 6829
 3959
 3488
 6241
 4058
 3565
 3517
 2838
 8943
 2461
 5783
 6764
 2708
  557
 5755
 7892
 6618
 9020
 4813
 6988
  925
 7175
 7555
 5063
 2319
 7240
  682
 7198
 9420
 3698
 6892
 4352
 4309
 4951
 4612
 2367
 5652
 9802
 4613
 8710
 4469
 9645
 4168
 6723
 4446
  981
 1716
 4136
 2411
 4874
 8032
 7915
 9016
 8650
 1647
  993
 3456
 8884
 9361
 8027
 5592
  488
 8919
 2649
 7196
 6893
 3937
  542
 3294
 7008
 6900
 1304
 3396
 7925
 5655
 9774
  107
 1519
   60
 8789
 4535
 4127
 6508
 4070
 7436
 8293
  783
 4880
 8058
 9653
 2887
 5893
 1882
 4947
 5773
 4294
 2255
 2370
 1256
 7388
  827
 2961
 2881
 2701
 9547
 4626
 7047
 6322
 4361
 8400
 5924
 2404
 6776
 3525
 6386
 7935
 6807
 5843
 4328
 2785
 8934
 7492
 3327
 8945
 9179
 3627
 1555
 8792
 2509
 5350
 3692
 5992
 8053
 6837
 7750
 8990
 2441
 3909
 4369
 3340
 6875
  738
 8620
 4426
 7683
  494
 6163
 1733
 2021
 1065
 3410
 8724
 8186
 7953
 7487
 9647
 8274
 4726
 4932
 3673
 7881
 2136
 2727
 3728
 4689
 7535
 9824
 6256
 9436
 1696
 2940
 9415
 1094
 7364
 2467
 9798
 6030
 4962
 6504
 2584
 7024
 7742
 1901
 4579
 6565
 7592
 8362
 1840
 1366
 5476
 6003
 9028
 3699
 1878
 2603
 8870
 4513
 5571
  890
  207
 1645
 1359
 2212
 8547
 5225
 3420
 2183
 7711
 8295
 8835
 2916
 2218
 1873
 8874
 7434
 2796
 6453
 3702
 6999
 4573
  698
 6772
 5077
 7072
 9804
 5485
 9085
 3682
 5434
 5437
 9261
 2179
  897
 5610
 4350
 8043
 3242
 1789
 7878
 7759
 1093
 7213
  290
 4184
  384
 5251
 8045
 9861
 3898
 6191
 5466
 1121
 7645
   27
 2748
 4523
  138
 9930
 1958
 5967
 9178
 1324
 7655
 5824
 4858
 6351
 4610
 5145
 8192
 7520
 5148
 1129
 3884
 2994
 2824
 6890
 1054
 7704
 1865
 4629
 6888
 3364
 7366
 1531
 3982
 1107
 1521
 5506
 8652
 5740
  301
 7749
 6480
 9476
 7637
 3161
 2801
  210
 3495
 4958
 8104
 8900
 5205
 8208
 7748
 2068
 3286
 1910
  501
 4707
 1241
 4019
 9414
 6644
  920
 8890
 3660
 8583
 1787
 2923
 7080
 9600
 7480
 9025
 7621
 5835
 9086
 6509
 7395
 1527
 9169
 3662
 2234
 3076
 2331
 8755
 7873
  530
 7586
  295
 5464
 6345
 5640
  849
 9389
 9856
 7096
 1593
 3257
 1131
 3779
 4945
 5410
 4867
 5681
 5787
 9465
 3832
 3361
 6062
 2689
 5014
 9788
 4053
   10
 7112
 8702
 3870
 5241
 1851
 3885
 7658
 5702
 9438
 3717
 2948
 1022
 6133
 7568
 3119
 8184
 2549
 2478
  853
 2114
 9333
 7300
 9931
 2970
 9439
 8642
 3416
 9224
  147
 9118
 2013
 8708
 9896
 9973
 3430
 1854
 6242
 3077
 7886
 5152
 4061
 4333
 3996
 3611
 1439
 8504
 6937
 1028
 9482
 7596
 9751
 9806
 2396
 1167
 1759
 9082
 3169
 6244
 6948
 1570
 5499
  343
 2778
 9265
 7929
  353
 9719
 8440
 2087
 7059
 1900
 8739
  249
 7307
 7357
 7486
 4856
 2420
 3326
 4603
 1364
 9446
 9692
 2063
 1525
 5259
 4390
 9059
 2462
 1796
 2834
  957
 8290
 5354
 9049
 9230
 5429
 6250
 8978
 6173
 9684
 2868
  196
 7064
 3910
 9445
 1357
 3765
 1643
 3972
 6328
  222
 5646
 6247
 5139
  319
  616
 6795
 9200
  615
 5326
 9201
 5548
 1374
 6954
 7680
 7611
  478
 1950
  344
  965
 9362
 1572
 3195
 3648
 8764
 1552
 3088
 2272
 8800
 1563
 6420
  956
 1261
 4757
 4926
 4076
 9548
 5531
 3625
 4847
 3428
 6119
 5905
 7902
 2601
 2009
 7969
 6286
 8061
  864
 3763
 7337
 7114
 2215
 7889
 5031
 8754
 9803
 4312
 5775
 1449
 4680
 8784
 5812
 8120
 7541
 3981
 1650
  399
 2023
 2853
 6266
 8189
 9005
 1423
 8941
 7650
 3684
 4906
 7887
 5064
 5090
 8562
 2148
 4342
 6832
 9733
 4675
   47
 7157
 6233
  455
 5228
 9582
 7074
 2745
 4018
 6990
 1616
  241
 5291
 6013
 2089
 1826
 4442
 9478
 5351
 9331
 4721
 4217
 7848
 5513
 8938
 4424
 2620
 8134
 8849
 9998
 2597
 7648
 2664
 1476
 5409
 2592
  341
 9354
 9977
 1935
 7350
 2613
 2609
 3618
 4171
 4398
 1762
 7687
 5759
  233
 2243
 2154
 5416
 5743
 2886
 3811
 6498
  863
 7622
 1549
 2482
 8868
  264
  452
 8514
 4993
  857
 1206
 6093
  539
 2164
 4851
 7979
  763
 8468
  949
 9713
 1684
 1471
 8281
 6839
  154
 6716
  498
 3381
 1350
 1494
 6149
 6452
 2394
 1104
 4511
 3732
 4927
 9396
 5028
  330
 5044
 3683
 2137
 2627
 4153
 4226
 1371
 7138
 4863
 6046
 1106
 3285
  871
 7513
 8624
 7506
 1400
 3672
 2380
 6263
 1029
 7334
 8968
 9927
 3221
 5376
 1740
 9002
 6878
 8118
 3531
 2383
 5725
 3394
 4892
 6883
 6611
 2732
  197
 6471
 9918
 9102
 5746
   63
 4103
 7546
 7298
 1546
 4318
 2222
 1087
 6292
 5415
 7888
  445
   26
 8458
 9209
 7884
 7770
 2709
 1693
 2981
 8145
 4337
 4202
 6904
 9077
 7840
  109
  747
 4257
 2030
 3376
 7462
 2228
 9092
 8641
 4107
  672
 5906
 4871
  293
 4230
 8925
 7275
 7313
 4702
 7512
 1495
 9189
 1846
 6957
 3311
 6705
 6887
  257
   40
 4756
 3964
 8093
 2902
 4809
 3743
 4287
 6598
 5363
 4671
 3615
 7091
 2333
 2575
 3145
  950
 9072
 6225
 8700
 9253
 5105
  195
 2576
 6510
 1384
 2644
 8025
 7792
 9418
 2963
 1200
 7129
 1230
 3086
 3897
 4982
 7830
 8746
 6515
 3162
 6702
 4275
 1795
 2807
 7445
 1259
   78
 9562
 3247
 8965
 3079
 3961
 6365
 4701
 2685
 4138
 2291
 4760
  310
 9492
 2766
 5318
 9031
 5767
 9805
 5895
 3629
 4259
 5111
 3825
 1991
 5369
 8649
  396
 7725
 8643
 2889
 1475
 8510
 1268
 6276
   17
 5395
  675
 7964
 2929
 6239
 4213
 1246
 3033
 5838
 7382
 2391
 1993
 9461
 8640
 5877
 5567
 5645
 5782
 4003
 6983
 6646
 9618
 3478
 3252
  912
 6364
 1874
  405
 4754
  580
  902
 8948
 1538
 5742
 2168
 7575
 4388
 3114
 6827
 5847
 2465
 6739
 4193
 3215
 5827
 5865
 1867
 6678
 8902
 5991
 3415
  309
 3789
 1337
 6799
 1152
  566
 4377
  112
 1760
 5984
 9661
 8732
 3024
 3955
 9315
 9290
 7400
 2220
 8059
 2484
 4015
 7495
 3284
 9442
 4921
 1297
 8802
 6371
 5897
 7788
 5281
 7077
 4324
 5107
 3557
 8532
 9313
 4992
 4167
 3873
  377
 7422
 6765
 8787
 5366
 5448
 4422
 8939
 5446
 5801
 7976
 3677
 1493
 9745
 5122
  302
 9340
 1118
 1651
  406
 5595
 2840
 4148
 2770
 6784
 9273
 3537
 3272
 2458
 3256
  611
  700
 6180
 3260
 9789
 6762
 7427
 1999
 2594
 6575
  721
 5932
 9495
 1436
 4366
 6984
 7620
 3906
 8518
 9184
 2524
 5227
 5157
 6648
 8005
 6692
 5207
 3317
 9739
 1864
 6901
 9650
 7044
 7269
 7805
 5103
  117
 5936
 3620
 1023
 3436
 8072
  436
 6664
 8552
 8639
 1234
 5357
 4285
 4567
 9500
 1671
 6986
 4788
 7855
 3810
 5758
 5263
 9666
 7863
 2386
 7564
 9660
 2802
 6080
 6494
 4060
 2900
 4827
 4519
 6736
 5271
 6961
 1633
 6626
 5798
 2864
 6804
 1325
 8332
 1267
 6040
10000
 9767
 3701
 5401
 8970
 8026
 3948
 5260
 2416
 3741
 4229
 6232
 7255
 2780
 9839
 5856
 8758
 1986
 3022
 5124
 8876
 8451
 3901
 8635
 1068
 5557
 3641
 8302
 1627
 3441
 8517
 5724
 7715
 3065
 4376
 4860
 7593
 5851
 3382
 7721
 3645
 6201
 9776
 2010
 2775
 3815
 3755
 3503
 4231
 8822
 3646
 6943
 8815
 5988
 9137
 3127
 9310
 8387
  446
 9821
 9349
  262
 6457
  701
 3749
 5736
 3275
  349
 1848
 7755
 9141
 6329
  412
 1902
 9884
 4664
 6800
 5708
 3078
 1768
 5418
  228
  899
 9831
 6017
 4769
 2552
 6604
  206
  966
 4824
 4404
 6374
  991
 9185
 4387
 1880
 8291
 7570
 8348
 3186
 3407
 1351
 5762
 8395
  746
   76
 1663
 6007
 8371
 9794
 6682
 4179
 4968
 5400
 6609
 2245
 4751
 3448
 9262
 9502
 2180
 5339
 9945
   35
 5994
 9229
 8402
 5030
 2726
  627
 2412
 1102
  434
 5451
 8436
 3296
 2185
 2115
  599
 2680
  181
 6531
 2049
 4852
 3027
 4714
 3636
 6916
 7174
 2753
 2678
 7136
 3303
 3346
 6216
 8750
 3968
 1940
  564
 7573
  386
 4645
 7912
 4741
 4988
 1488
 7342
 3330
  340
 7375
 7718
 4303
 2235
 6491
 4965
 3705
 9599
  797
 9850
 3633
 2312
 3067
 3466
 5644
 6826
 8664
 5100
  598
 7497
 1370
 7806
 7481
 7290
 9257
 4242
 1317
 5711
 8629
 7435
 9384
 5987
 6438
  221
 5995
 5693
 1222
 9039
 7630
 5875
 8010
 4969
 8073
 9941
 1752
 1703
 3941
 5686
 1100
 1505
 5053
  205
 4087
 5530
 6691
 9994
 3462
   86
 3797
 2464
 9950
 8883
 7314
 8347
 5273
 9014
 1026
  397
 3838
 7183
 1162
 6623
 7349
 5803
 8268
   58
 1214
 1945
 1142
  725
 4933
 4144
 3595
 4291
  379
 7346
 2968
 5735
 1648
 9786
 9826
 2384
 9370
 3372
 7684
 9040
 4372
 9093
 1547
 7142
 3290
 6340
   28
 3177
 6081
 3979
 9575
 8614
 7458
 6792
 3837
 1679
 3817
 4430
 6305
 3988
 3675
 8617
 9610
 9058
 5976
 8448
 5165
 4888
 3337
  275
 3471
  838
 4978
 1551
 1330
 4997
 2419
 8077
 5114
 8647
 3155
 6582
 2300
 7739
 5338
  688
 5760
 2694
 8474
 7006
 3071
 7361
 4205
 5915
 6011
 5675
 7472
 2845
 9872
 4697
 6942
 8374
 4541
 1215
 4801
 2797
 6079
 2343
 5741
 3485
  739
 9335
  859
 6196
 5951
 7383
 5006
 9155
 1069
 1809
 1565
 8887
 6996
 8604
 3005
  126
 9433
  260
 6218
  586
  999
 3686
 6743
 9540
  466
 2635
 3975
  400
  668
 9940
 3978
 9546
 7326
 2088
 1649
 6429
 6808
    6
 7165
 5635
 1486
 7923
 3546
 5321
 6717
  612
 9064
  475
 2687
 3747
 7977
 4172
 8060
 7851
 3069
 5830
 4200
  550
 2564
 1191
 2730
 3820
 8089
 3877
 4358
 7652
 2646
 2666
 7627
 5863
 6851
 6918
 1720
 7370
 9060
 3016
 8530
  640
 3200
  142
 2805
 2195
 8470
 8035
 3220
 7590
 6857
 9131
 8335
 7182
  464
 7588
 1090
 3174
 3367
 4485
 2982
 8106
 9034
 5179
  711
 4310
 1295
 6633
 7310
 5144
 9535
 3249
 2925
 2896
 3895
 1746
 7308
 4190
 3759
 1704
 5962
 6391
 3175
 1909
 5806
 3876
 2530
 8023
 5492
 1918
 8706
 3528
  489
 4971
 7752
 4915
 9764
 4990
 3389
 9762
 8272
 9091
 4382
 9948
 3956
 9489
 1507
 3538
  155
 6141
 1335
 7022
 9822
 9287
 2754
 9732
 5444
 5200
 7192
 9564
 8940
 3276
 1597
 7956
 4679
 8896
 8142
 1972
 7913
 7294
 7210
 3287
 3118
  692
 9793
 4457
 5883
 3853
 4491
 2700
 2683
 9071
 1156
 5892
 9162
 6924
 9164
 1852
    2
 8528
 2443
 7301
   39
 2129
 8356
 1539
 3691
   20
 7921
  799
  562
  525
 2863
 6150
 4024
 4654
 9110
 3919
 7155
 1642
 2253
 3776
 7615
 6725
 9577
 6118
 9268
 3248
 3352
 4550
 3915
 8232
 4681
 1081
 8619
 9325
 7700
 2498
 5097
 2573
 6271
  472
 4393
 3748
 7731
 6174
 9358
 2152
 8082
 4396
 7942
 1172
 7013
  223
 6014
 5772
 8813
 4431
 3239
  115
 6050
 1916
 2301
 6228
 8021
 8694
 9812
 8491
  932
 3632
 7695
 9241
 6706
 1417
 6129
 2280
 6037
 1173
 6671
 4068
 1185
 4311
 8220
 9475
   49
 7972
 1485
 8763
 2784
 1352
 5786
 5925
 6661
 2877
 8426
 8909
  606
 3360
 7392
 1815
  953
 6891
 9919
 9481
 7869
 6012
 4894
 2079
 3263
 1340
 5555
 4835
 5551
 8952
 2706
 6622
 2632
  534
  745
 5066
 7821
  970
 6801
 4197
 5642
  737
 4808
 2061
   91
 2866
 8511
 6694
 1376
 6649
 6109
 9288
 4563
 8826
 6315
 3404
 5818
 5692
 8160
 9868
 8105
 4220
 3128
 7040
 6993
 6172
 6903
 9368
 1639
 5834
  332
 3496
 7757
 8321
 2515
 3791
 5303
 6856
 5545
 6655
 9382
 7827
 8373
  298
 4034
  281
   29
 6535
 3216
 4391
 7967
 2595
 6650
 3187
  274
  270
 3412
 5523
  841
 9695
  374
 1410
 8365
  421
 7908
 1541
  833
 6230
 6409
 1012
 4105
 7911
 1425
 1941
 8947
 9194
 4634
 8018
 6979
 4295
 4017
 1438
 3803
 4462
 6667
 3369
  393
 7605
 3419
 8485
 4795
 7408
 7115
 9729
  320
 9044
  526
 8459
 4292
 1344
 8326
 4618
 9371
 8646
 8989
 4647
 3814
 9606
 7056
 7235
 3653
 4727
 5954
 6206
 7519
 4763
 8627
  212
 8231
 5332
 1695
 2590
 5626
 1673
 4486
 9345
 8601
  172
 2032
 6858
 3947
 4313
 7861
 5647
 6722
 1111
 9074
 7098
 4517
 2846
 3520
 8922
 5469
 5554
 1458
 4840
 8416
 9126
 8861
 5397
 7195
 8251
 4126
  468
 8472
 4516
 4814
 6647
 8660
 4716
 9493
  947
 4421
 2430
 6689
  509
 3659
 4020
 9917
 4706
 8064
 1218
 7692
 7640
 8372
 6161
 9231
 8113
 6561
 2329
 1997
 2937
 4875
 7707
 8175
 5866
 3307
 1860
 8121
 1948
 6294
 5618
 3302
 8983
 3893
 1739
 4410
 8827
 3511
 4506
 3570
 5048
 2480
 5529
 6645
 4320
 8833
 7404
 9114
 1767
 3390
 9987
 4777
 9304
 5739
 7836
 8727
 1135
 7082
 5178
 2377
 4502
 2304
 1459
 6000
 1640
 6595
 6076
 7860
 2631
 2048
 5422
 8674
 4903
 3724
 5789
 4051
 4054
 5344
 6641
 7517
 8486
 9636
 1151
 4996
 6797
 2624
 2548
 7761
 2043
 1067
 7137
 3977
 9581
 6479
 4551
  105
  992
  874
 1391
 5815
 2292
 3203
 8633
 8686
 5493
 3474
 3323
 3147
 1715
 1178
 5189
 8392
 1279
 4591
 6085
 2933
 4489
 2819
 9646
 3163
 8591
 7583
 4116
 6357
 4131
 5919
 5454
 9533
 1564
 3460
 1955
 2130
 7799
 1220
 3881
 9956
 9507
 7918
 4770
 2169
 3562
 8296
 5029
 5907
 4301
 9811
 5268
 7712
 6254
 3219
 3932
 1071
 1571
 2888
  837
 9422
 4572
  276
 3498
  679
 8844
 3482
 5306
 1755
 1192
 4597
 8441
 7244
 2611
 7203
 2647
 1664
 5421
  380
 1875
 9895
 4456
 4691
 5778
 2305
 1125
  728
  748
 7457
 7035
 8259
 7804
 1276
 9081
 1876
 9772
 4113
 2884
 7488
 2777
  778
 1343
 3387
 1813
 9027
 3080
 3164
 7530
 8071
 3111
 6261
 7430
 2600
 3519
 2207
 4176
 9836
 5317
 7151
 9689
 8778
 5657
 7553
 4423
 4339
 5744
  283
 5533
 8112
 5325
 3038
 9076
 1990
 4460
 5998
 9506
 1149
 2361
 6555
 1917
 3062
 1043
 8630
 5770
  909
  499
 8099
 2588
 8171
 3601
 4685
 1748
 7073
 4204
 9166
 5480
 8735
 4545
 8926
 4044
  802
 2447
 8545
 3866
  484
 1996
 2128
 6440
 3700
 8358
 5837
 2332
 9107
 4032
 4657
 7604
 8723
 3559
 8541
 3493
 8038
 2733
 4746
 2456
 8851
 9276
 8581
 8108
 3072
 7556
 3544
  872
 9494
 3903
  451
 3888
 1450
 9954
 1383
 9130
 9513
 3610
 4899
 8406
 8339
  634
 6583
 5666
  356
 1403
 2413
 6578
 1712
 3593
 1506
   14
 3911
 5336
 5193
 4660
 7706
 2800
  987
 3642
  462
 9871
 6652
 1277
 1098
 4747
 1420
 5408
 9992
 7187
 9783
 2808
 6304
 3126
 5632
 9694
 5294
 6679
 3188
 1810
 3227
 8097
   73
   19
 4201
 4158
 3974
 9192
 6966
 9894
 9254
 3619
 4429
 6215
 7426
 3433
 5779
 1228
 2857
 3171
 4211
 3761
 2197
 3844
 5684
 2618
 2623
 5167
 5087
  216
 7763
 2039
 8953
 3403
  286
  641
 5816
 8363
 5664
 5214
  724
 5678
 4154
 8988
 3830
 1249
  334
 2096
 1907
 4100
 1254
  548
 3890
 7747
 3719
 3015
 3513
 9485
 6344
 3571
 9132
 8593
 1534
 7389
  744
 6818
 5698
 7521
 5210
 7145
 3795
 9737
 1956
 6935
 4960
 4566
 8069
 8324
 3197
 1143
 2224
 1844
 8678
 4307
 7999
 2989
 6463
 1179
 9298
 2158
 9413
 3848
  337
  254
 7002
 2851
 3341
 5517
 7442
  710
 6854
 2289
 9520
 5091
 3109
 1830
 1401
 1624
 9311
 8261
 2928
 9870
 7987
 3990
 9480
 9722
 4353
  581
 2825
 7433
 5885
 4056
 8814
 7363
 1925
 7499
 6104
 7317
 1914
 8523
 9648
  751
 9595
 8095
 2376
 2016
 8211
 8240
 8190
 3397
 9519
 9138
 2196
 9890
 3802
 2554
 2387
 3771
 8011
 9347
 8009
 3551
 7170
 9466
 4305
 8074
 8607
 5391
 6601
 1656
 7323
 6596
 1049
 3138
 7842
 7598
 4704
 3736
  986
 5173
 8181
 9228
 9317
 3160
 3693
 6545
 4864
 5372
 5164
 8543
  497
 4723
 9775
 3579
 1579
 1244
 1091
 7135
 3150
 9642
 4089
 8719
 1007
 4137
 8653
 8634
 7949
 4048
  568
 1868
 8782
 3987
 2822
 5562
 3353
  843
 6932
 7403
 5515
 4440
 5502
 5939
 8992
 9605
  496
 8444
 7322
 5780
 1973
 8655
 1110
 1281
 1588
 1856
 4047
 9935
  200
 3359
 2153
 1560
 8600
 7219
 5813
 6592
 2429
 8560
 4983
 3423
 3455
 7896
 4010
  514
 9455
 9736
 4985
 6102
 5135
  168
 8183
 5765
 4793
 1737
   38
  750
 1127
 1468
 6132
 7279
 3083
 4443
 3017
 2315
 5536
 9838
 6188
 3348
 8842
 4029
 4296
 3400
 9267
 4449
 9365
 4357
 5850
 1082
 7159
 6554
 5407
 2956
 3392
 3064
 9416
 1390
 4882
 4823
 3355
 5403
 2194
 9534
 3328
 8355
 2221
 9841
 7959
 5607
 2988
 6383
 8616
 1831
 4582
  395
 8740
  476
 8741
 5456
  931
 2119
 3042
 7105
 7038
 3602
 5667
 9993
 3649
 9404
 1440
 4866
 2817
 7270
 1908
 7636
 7398
 7066
  709
 5829
 4441
 4774
 9256
 8893
 5957
 7113
 9462
 8283
 9468
 4627
  719
 3899
 1939
  450
 5653
 2543
 2339
 3756
 9621
 8747
 4498
 9083
 7783
 3818
 2903
  256
 5722
  861
 3335
 6269
 4779
 6482
 3226
 2156
 4111
  974
    1
 8865
 5436
 9669
 3886
 6439
 3718
 1778
 1416
 6098
  453
 1930
 1998
 5757
 9505
 8119
  968
 4693
 1302
 7432
 5361
 8508
 5386
 6155
 5490
 7344
 6934
 3391
 9928
 2187
 1255
 3329
 9143
 3470
 5580
 9356
 1306
 7558
 7010
 7146
 2702
 7042
 3020
 2505
 8075
 3746
 8860
 9573
 4939
 1492
 7305
   56
 6382
  781
  236
 4955
 2223
 3580
 6939
 7838
 3991
 1881
  703
 8526
 2057
 6023
 2093
  167
 2160
 1717
 4038
 7722
 5986
 4668
 2843
 3262
 6220
 2236
 2634
 6507
 5908
 3048
 9556
 1963
 2529
 5278
 2893
  148
 1154
 4417
 8226
 7456
 8084
 6090
 9045
 8665
 4807
 4865
 3101
 9013
 9716
 5267
  252
 8055
 7304
 9426
 2557
 4557
  225
 4640
  306
 2014
 2645
 7628
 9981
 3757
 2117
 6588
 5613
 2258
 3129
 6567
  433
 8306
 6336
 5067
 6669
 5934
 1146
 8783
 3900
 8622
 6586
 1117
 2686
 6873
 7765
 2787
 9864
  311
 9366
 9227
 2445
 7793
 7668
 1530
  669
 9367
 6964
 2526
 8595
 2241
 9933
 2172
 1190
 9408
 1675
 1496
 5565
 6120
 1332
 8246
 7883
 7766
 4703
 3927
 5810
 1622
 3411
 4340
 9113
 5438
 4402
 2230
 6260
 5949
  485
 2275
 8933
 1358
 6500
 2144
 2813
 7407
 9608
 5707
 9236
 8829
 2899
 7540
 8757
 8367
 2203
 8717
 5109
  240
 5481
 1004
 6049
 7998
 5478
 6940
 1976
 7186
 1709
 2282
 1266
 6778
 3616
 5641
 4898
 1419
 8977
 2064
 7230
 6192
  171
 8002
 9243
 7028
 3180
 2175
 8894
 3793
 6928
 1346
 5938
 6451
 4542
 9853
 5941
 2056
 2347
 7854
 4189
 3940
   12
 7464
 8320
  403
 9749
 9680
 8561
 4323
 5871
 9886
 8816
 6747
 1451
 9820
 7069
 3872
 3333
 1136
  666
 8631
 4546
 1257
 9157
 5463
 7751
 4085
 4633
 9390
  554
 8154
 4466
  144
 2614
  801
 9584
 1966
 2473
 8322
 8707
  618
 6559
 8687
 3135
 8626
 2625
 9643
 8958
 5945
 5720
 6113
 8610
 6470
 3643
 5832
 4530
 5080
 9995
 3190
 1866
 3768
 3742
 2065
 3157
 3569
 7076
 4246
 4562
 8907
 7768
 2327
 6168
 7876
 8555
 2747
 9057
 7416
 9754
 4735
  929
 7559
 7443
 2374
  736
 1275
 7508
 2028
  540
 5128
 2973
 4914
   48
 7879
 9629
 2510
 3792
 5833
 1225
 8225
 4164
 7819
  980
 2570
 7563
 8981
 9029
 9963
 8986
 4046
 1899
 5612
 2506
 4455
 7391
 5486
 2849
 4254
 3744
 8482
 3141
 7920
 5969
 1430
 7086
 2338
  354
 2725
 9603
 9326
 7997
 4338
 6680
 8672
 5560
 6043
 3212
 4819
 7662
 5491
 8612
 1066
  676
 2112
 3009
 3098
 4963
 9984
 6591
 6356
 9486
 4334
 4544
 5636
 1045
 6127
 4139
 6754
 1569
 5213
 5244
 3489
 3697
 6207
 7510
  856
 1529
  624
 3283
 9172
 9842
 3963
 1971
 7070
 1452
 2690
 5715
 8931
 9738
  461
 5430
 5457
 1765
 4940
 3094
 1820
 6394
 3676
 3134
 6707
 5727
 5232
 4378
 4165
 4577
 6398
  437
 5697
  941
 6399
 3492
 3933
  104
 1889
 8994
 6458
 2354
 2919
 9190
 6069
 4881
 6252
 1141
 2939
 5335
 3439
 1829
 6855
 9427
 7618
 4235
 4274
 3418
 5649
 1599
 7756
 1096
 1166
 2262
 8944
  879
 7504
  208
 2502
 9321
 6170
 4119
 9066
 2151
 5729
  836
 3843
 4520
 7926
 7710
 2408
 1550
  555
  339
 5568
   41
 7063
 6411
 5979
 4467
 5358
  512
 9392
 5846
 3206
 4278
  204
 2237
 9840
 8068
   55
 5948
 5685
 1271
 3121
 5659
 7623
 4192
 7910
 7463
 3344
 8551
 2210
 1474
 5926
 5115
 4578
 3540
 2294
 9668
 5793
 1224
 2140
 4950
 1636
  127
 7299
  952
 8998
 6455
  442
 8343
 4805
 9105
 3189
 5343
 8971
  132
 9652
 3117
 5996
 2283
 1009
  911
 1140
 5683
 1620
 6065
 6128
 1469
 3891
 8987
 6737
 1444
 5203
 3012
  413
 5828
 8201
 1533
 3061
 9075
 3523
  300
 5262
 3989
 3958
 4463
 8168
 9314
 5047
 4130
 6335
 7037
 1749
 6059
 6696
  261
  808
 9949
 9589
 6811
 2983
 5710
 4521
 5229
 1590
 1412
 7246
 3555
 4496
 4109
 1333
 4224
 8090
 7897
 6962
  816
 3622
 7832
 8146
  777
  247
 8957
 7839
 3274
 8318
   92
 2873
 6377
  776
 4045
 3722
   64
 4007
 5467
 1385
 6475
  133
 6688
 5161
 9903
 4389
 4728
 2170
 7288
 2105
 7815
 6973
 8408
 2604
 6447
 2017
 6684
 4223
 5797
 2528
 2870
 2599
 8745
 5019
 4854
 3251
 7026
 7509
 2069
 7941
 3831
 3388
 5615
 4730
 1138
 9932
 9036
 8698
 5311
 5198
 7670
 4152
 2906
 9787
 5935
 8974
 6469
 4484
  648
 3871
 2820
  958
 4646
 7626
 7447
 4157
 3786
 9223
 3233
 4395
 5392
 9251
 5065
  769
 5900
 7818
 5423
 4241
 8718
 2244
 2076
 4439
 3549
 6712
 5791
 2854
 8124
  753
 4140
 9518
  839
 7220
 2978
 6358
  570
 9245
 9448
 7864
 1150
 7736
  619
 8182
 5701
 7381
 5479
 3892
 6324
   77
 7576
 7449
 1944
 8692
 4013
 7328
 2571
 6387
 7946
 7312
 2566
 7033
 3950
 1001
 3640
 2544
 2350
 8817
 6330
  297
 7191
 4405
  673
 9593
 7847
  670
 9221
 7551
 6870
 7771
 2591
  149
  674
 5543
  712
 1229
 5187
  328
 3714
  474
 8839
 9070
 7003
 3541
 9456
 7490
 7267
 8651
 2038
 6100
 4436
 9156
  657
 2005
 7971
 7682
  905
 2261
 1577
 8695
 8410
 3665
 1380
 5025
  124
 4666
 6945
 4163
 9696
 8327
 1014
 3273
 2457
 8245
 7031
  258
 4781
 1667
 3865
 4091
 1310
 8654
  818
 9697
 4682
 9106
 2885
 6393
 5134
 3666
 7071
 2205
 2385
 1818
 3254
 6769
 8215
 2054
 7673
 1085
 3852
 3607
 4605
 3566
 9792
 3860
 4394
 8257
  694
 3107
 8042
 5942
 1393
 3176
 8570
 2920
 8170
 9458
 8812
 8790
 6620
   36
 2286
 2638
 7784
 4740
 4522
 6959
 2407
  653
 5831
 7181
 4564
 7396
 6024
 5732
 8019
 4904
 1670
 2095
 2046
 8016
 7356
 4125
 3690
 3574
 5099
   15
 9743
 8122
 1123
  227
 9817
 5489
  175
 4411
 2227
 2342
 1776
 3001
 3465
 9168
 2497
 7905
 9521
 2002
 9473
 8837
 1243
 1272
  176
 1362
 6179
 1655
 4370
 9255
 5007
   85
 3435
  185
 4297
 6536
 8479
 6621
 5733
 5084
 2422
 9374
 1177
 2913
 9753
 5677
 4473
 8911
 3651
 3011
 9225
 9734
 7120
 8500
 7347
 3054
 4794
 6285
 3124
 9965
  151
 5428
 1379
 2626
 6156
  817
 5458
 9504
 3589
 1381
 1216
  878
 9855
 8767
    5
 2976
 8161
 2198
 2477
 1176
 1292
 5196
  504
 9353
 7800
 2091
 6140
 2848
 6616
  410
 5240
 4555
 8260
 6198
 8521
   50
 4667
 5549
 6709
 7734
 1537
  846
 1455
 7957
 6281
 8903
 4464
 2055
 1018
 9124
 7126
 3068
  681
 3563
 4575
 5468
  642
 7534
 1769
 8228
 1433
 4075
 4480
 5188
 6756
 3297
 9383
 4255
 8457
 6789
 9282
  803
 1732
  735
 9670
 2357
 9269
 6953
 3973
 2297
 6300
  914
 5319
 7843
  329
 1426
 7227
 8843
 1101
 2444
 8456
 9270
 1137
 4966
 6917
 4052
 1937
 4884
 6570
 7679
 4766
 5180
 8413
 1850
 6184
 8344
 6825
  873
 4673
  631
 7691
 1199
 1922
 7485
 9050
 2612
 8744
 7327
 2346
 1015
  924
 6941
 5305
 5586
  120
 3289
 4624
 8840
 2278
 6389
 5310
 4277
 3861
  366
 8282
 2133
 7936
 7437
 7866
 5574
 2351
 6821
 1161
  517
 4967
 5691
  419
 2684
 9626
 1196
 8563
 6086
 2832
 9196
 5254
 9297
 1221
 6523
 4850
  101
 2421
 3681
  420
 7166
 7554
 6424
 7325
 8997
 6921
 1676
 5541
 2314
 9921
  637
 8927
 4596
 7489
 2053
 3936
  886
 9537
 3671
 4653
 1700
 5199
 9986
 4658
 8432
  388
 3816
 5842
 2836
 3057
 3995
 2692
 2833
 9244
 6971
 4494
 5688
 4895
 7001
 7613
 5855
 9041
 5445
 3553
 1946
 5726
 5899
 2572
 7646
 3178
 6426
 8067
 8879
  130
 6947
 1465
 9510
 8548
 5387
 6631
 3321
 3099
 2050
 1853
 3347
 2406
 4731
 7234
 3752
 7303
 8179
 4169
 5036
 2660
 3882
 5287
 3013
 7777
 3547
 8368
 1845
 4861
 6658
 6752
 3858
 5388
 9560
 9528
 6974
 6367
 3298
 8571
 2954
 7226
 2231
 4362
 9781
 6861
  984
 9860
  633
 6820
 9795
 4331
 2249
 4093
 6613
 8895
 6895
 4934
  280
 3754
 3774
 8976
 5690
 9947
  659
 3539
 5788
 1326
  178
 9989
   96
 3863
 8034
 2742
 6045
  438
 2328
 3334
  482
 8227
 8460
  516
 5537
 1637
 2368
  424
 2630
 9148
 7067
 9271
  457
 9373
 6370
 6537
 1296
 3739
 7928
 2952
 5501
  699
 4159
 6158
 9453
 2941
 5146
 6283
 7147
 2503
 5911
 6511
 9018
 6593
 1615
 4249
 1960
 1159
 3139
 7853
 5546
 7903
 4924
 4635
  511
 9479
  136
 5918
 4476
 4237
 5800
 5721
 2537
 7251
 6348
 9735
 6421
 4185
  289
 2099
 8316
 7507
 7560
 6166
 6629
 4842
 9421
 3499
 3358
 6454
 5968
 3864
 2852
 7619
 9046
 4041
 6634
 2036
 8006
 9007
  942
 9552
 7440
  869
 1995
 2108
  492
 7101
 6339
 5488
 8405
 9158
 4561
 9760
 3443
 3295
  793
  729
 1398
 7125
 1457
 3193
 3208
 5603
 2454
 6573
 5717
 1316
 9152
 1678
 8271
 2755
 6771
 7547
 3426
 6146
 2707
 1837
 6212
 6496
 2556
 5920
 5673
 5474
 7293
  969
 9778
 8969
 9170
 7801
 9852
 2024
 4016
 9526
 3769
 1099
 7284
 8606
 1942
 7844
 1487
 4468
 8636
  810
 6078
 8682
 7295
 7000
 4141
 8036
 3473
 2667
 7249
 8979
 1832
 2783
 3277
 8040
 3034
 8886
  933
 7850
 5587
 9899
 7093
 4713
 6449
 9677
 5257
 8598
 2398
 8881
 4775
 2835
 4207
 6522
 7083
  508
 1116
  447
 5628
 4434
 6259
 9204
 6830
 6579
 5349
  936
 8752
 1253
 7365
 3089
 2481
 2829
 6642
 1788
  979
 4330
  996
 9553
 9497
 1157
 5270
 3316
 1823
 6787
 2511
 1461
  660
 5823
  922
 1147
 8493
 2681
 7587
 3530
 9316
 1048
 4765
 4005
 3480
 9655
 6089
 7717
 3491
  683
 1951
 5553
 3970
 6610
 1821
 6487
 7095
 5072
 1005
  571
 1479
  259
  784
 6497
 5314
 5026
 2453
 5184
 5465
 9063
 9579
 5578
 2975
 5186
 7585
  823
 7579
 7595
 7500
  352
 2127
 9484
 9782
 7798
 4889
 9845
 7466
 1968
 9726
 8476
 5441
 7867
 2499
 3976
 7493
  649
 2905
  189
 4619
 3983
  842
  982
 8004
 8804
 8756
 1938
 1448
 1924
 4995
 3745
 8499
 8062
 1985
 6524
 8603
 4648
 1115
 5544
 4857
 3140
 1654
 7678
 1542
 1480
 3828
 8425
 4665
 3149
  543
    3
 2960
 5209
 5320
 3658
  625
 7397
 1227
 9129
 2403
 8918
 9056
  677
 4514
 7528
 7193
 1544
 2811
 4186
  798
 8673
 7473
 5494
 8566
 8158
 1322
 7061
 4911
 4298
 7659
 1602
 5299
  367
 9863
 3399
 7625
 5576
  242
 3183
 9424
  372
 9724
 1248
 9565
 6758
 8769
 6355
 5477
  439
 8999
 5217
 9306
 3424
 3930
 6280
 9337
 3997
 5274
 1683
 5604
 5790
 6311
 1075
 9359
 6587
 3170
 7209
 8781
 9403
 4234
 3398
 7171
 2569
 7453
 6337
 1422
 3354
 1665
  650
 1911
 1409
 8384
  644
 8538
 6019
 7177
 3378
 4831
 8229
 1435
 1887
 6134
 2815
  186
  588
 1934
 3319
 7167
 1524
 2121
 2082
 1888
 8017
 9280
  915
 9897
 2488
 4986
  908
 1871
 8341
 5046
 3720
 5255
 8554
  852
   95
 9380
 9683
 2098
 1861
 9576
 4317
 3110
 5814
 2735
 8648
 9741
 1070
 5256
 7690
 3733
 7649
 3855
 3104
 7934
 6733
 4069
 1980
 6998
 3667
 4063
 9671
 1186
 9312
  589
 5997
 5033
  790
 9397
 1031
 6643
 5985
 7260
 5307
 8794
 2996
 6896
 5069
  605
 4907
 3003
  603
 9187
 1033
 8428
 6417
  647
 8337
 6518
 9285
  513
 2847
 7208
 9460
  917
 4481
 7202
 6205
 8173
 8942
 5316
 9530
 8512
 6110
 7025
 1957
 5367
 2751
 1578
 9182
 3656
 1120
 2581
 9712
 3725
  755
 7724
 7261
 2713
 7376
 5487
  237
 2795
 8301
 9718
 8863
 7857
 4642
 6177
 3373
 3529
 1303
 4538
 1047
  305
 9939
 8249
 9848
  529
 4804
 6849
 2559
 9679
 1432
 5940
 8102
 4828
 1323
 5471
 9203
 7894
   34
 2670
 7810
 5329
 3385
 2907
 6656
 3184
  490
  284
 7162
 5853
 5283
 4094
 1418
 9128
 2668
 4734
 2898
 4762
 4379
  764
 9051
  407
 1134
 1779
 6047
 9801
 9714
 4571
 5596
 6097
 8213
  473
  787
 2577
 2721
 8602
 5402
  825
 7978
 2428
  811
  174
 7116
 7938
 4344
 1355
 1747
 2041
 6299
   69
  163
 2786
 7154
 2773
 8711
 3258
 3349
 5508
 5035
 6035
 6341
 2410
 5079
 5243
 1237
  923
 3502
 4321
  271
  326
 4773
 4385
 2435
 7954
 8217
 8506
 7597
 6320
 4332
  362
 7802
 5272
 6071
 6763
 1554
 4670
  537
  789
 2483
 5749
 5183
 7960
 9175
 7823
 3475
 1638
 4095
 5302
 4917
 8125
  331
 3052
 9720
 1208
 1652
 4817
 4923
 9657
 1062
 8153
 9529
 8836
 5439
   81
   24
 4534
  505
 6060
 3851
 7018
 4623
 9925
 2316
  382
 4632
 7345
  113
 9688
 4326
 9704
 3336
 7451
  806
 7862
 9399
 5117
 4510
 9139
 3440
  582
 6698
 2085
 9352
 6486
 3839
 5414
 5808
 2493
 7635
 3018
 7197
 9944
 3234
 4753
 1498
 3726
 4412
 1690
 2536
 3214
 1207
 3647
 4848
 5706
 7354
 6298
 1816
 2495
 3712
 4472
  414
 1083
 5219
 1595
 1074
 4592
 9563
 4638
 2568
 1446
 4267
 8152
 6673
 7617
  106
 9907
 1803
 4755
 7744
 5687
 2313
 8443
  491
 5931
 6026
  876
 2075
 9447
 8157
 3689
 7642
  522
  572
 2743
 7975
 1489
  465
 8385
 5070
 5269
 6562
 4206
 6853
 7932
 1687
 1736
 9160
 4547
 5433
 9967
 7665
 5060
 6154
 2880
  128
 5695
 7285
  658
 5221
 8046
 6526
 3946
  772
  994
 8091
 3431
 1801
 3036
 1982
 5745
 6563
 5015
 8221
 4279
 3928
 8473
 4936
 2760
 1008
 6380
 6165
 3095
 9341
 9974
 4724
 1562
 8096
 6240
 2792
 9284
 6654
 6302
 6462
 7332
 6354
 4280
 8263
 2296
   72
 1689
 6264
 8669
 5382
 8241
 8467
 2639
 8556
 5169
  285
 2798
  404
  316
 2393
 7172
 7297
 1402
 6368
 1128
 9628
 1209
 3694
 7351
  224
 1130
  277
 9511
 9957
 6027
 1251
 4893
 5526
 5022
 1044
 9597
 1707
 2858
 9640
  108
 6441
 1058
 7078
 2789
 9559
 9364
 7606
 2364
  741
 7088
 1883
 4636
 8253
 5582
 4574
 2211
 8078
  141
 5295
 6742
 7090
 2512
 2593
 9800
 7874
 4219
 2720
   25
 4941
 2990
 4908
 6793
 1011
 7781
 4251
 9140
 3063
 9567
 6077
 2132
 4027
 5171
 7335
 5447
 2417
 4821
 8178
 1092
 5378
 2806
 1800
 5591
 4604
  541
 1685
 4006
 7523
 6913
 2874
  706
 4413
 8210
 2352
 8447
 3842
 3085
 3785
 1347
  786
 3402
 7901
 1783
 5956
 1897
 6809
 6977
 8801
 6714
 3760
 6580
 8875
 6153
 4031
  708
 3854
 6194
 2652
 7536
 8920
 2677
 5978
 8492
 4345
 6001
 6719
  898
 4253
 4845
 2139
  266
 5413
 4037
 5937
  435
 8230
 8422
  408
 4698
 4228
 2967
 3196
 4088
  177
 1466
 3199
 7882
 5611
 6485
 1513
 3074
 2710
 9214
 3243
 2348
 1698
 1754
 1561
  882
 2192
 9866
 5730
 6866
 2527
 7533
 7161
 6063
 9971
 4849
 5005
 4155
 6010
  532
 5627
 7065
 3055
   82
 1210
 2547
 4272
 1961
 4896
 4942
 1456
 8498
 3807
 7017
 7100
 3442
 9810
 1168
 1217
 3185
 4797
 2182
  714
 7452
 2206
 5237
 6956
 2106
 4199
 8806
 7502
 9328
 6995
 8155
 5923
 7254
 2816
 6419
 7250
 3504
 4099
 7343
 8852
 8417
   54
 3556
 3270
 1095
 6272
 2992
 4336
 7329
 1857
 2111
 9748
 4191
 3764
 4346
 4216
 2434
  483
 4938
 9263
 9859
 3767
 6331
 1500
 2446
 7318
 9428
 7671
 1721
 7020
   61
 2138
 2455
 2092
 4539
 7537
 1003
 7276
 7600
 3231
 5153
 3621
 6503
 4991
 8557
 6730
 5453
 3449
 4183
 1160
 6209
 5734
 9491
 5375
 3125
 9232
 1763
 1582
  921
 7714
 5704
 5514
  140
 7048
 8880
 3639
 2793
 3782
 9238
 2401
 3417
 4203
 5086
 1931
 1182
  732
  883
 5420
 4749
 2693
 8914
  894
 6412
 4916
 2628
 2947
 5609
 5714
 7522
 3395
 9938
  348
  862
 5620
 8329
  723
 9816
 7632
 7743
 9259
 7641
 9159
 8956
 2984
 5901
 5903
 1158
 8497
 6975
 3612
 1193
 9678
 8749
 6720
 3450
 1969
 9791
 2803
 8412
 6534
 4001
 6931
 4348
 6279
 8615
 2355
 6625
 9199
 1591
 8592
  506
 5230
 4736
 4474
 5495
 3596
 9889
 3375
 1886
 9233
 5817
 7465
 2746
 3156
 6018
 7217
  614
 1189
 3770
 4067
 9983
 4374
 9809
 8233
 8774
 4162
 3434
 2399
  402
 7014
 6295
 9746
 6527
 8985
 6442
 2532
 6556
 2494
 6785
 2500
 2431
 8303
 3867
 6805
 5323
 8310
 9443
 8195
 6844
 2924
 6908
 5617
 1987
 1730
 9554
  768
 2486
 9834
 6767
 8982
 5024
 6663
 6577
 3805
 9880
  773
 8177
  159
 3680
 4040
 5098
 4351
 5038
 7822
 6960
 4585
 1284
 5034
 6886
 6512
 4758
 7241
 2957
 5073
 5498
 6958
 5236
 2388
 6473
 5970
 3414
 1183
 5608
 9972
 1300
 4210
 1729
 4737
 2176
 3116
  758
 9402
 4232
 7189
 1557
 1265
 7681
 7666
 5475
 3082
 7133
 4686
 4453
 3819
 4243
 2740
 4802
 8398
  359
 7543
 9283
 6262
 6038
 6235
 1338
 8369
 3240
 5521
 7505
 6258
 8370
 7675
 5569
 7050
 1635
 8831
 7173
 7769
  390
 7785
 1890
 2340
 8388
 4972
 4499
 1849
 5131
  544
 7413
 5556
 5154
 3066
 6107
 3224
 2475
 6099
 8469
  193
 1587
 4832
 8247
 6217
  239
 8712
  813
 9923
 3943
 5001
 1514
 9215
 6025
 9959
 7333
 3019
 4598
 1694
 3457
 5781
 8450
 9663
 9021
 1339
 7518
 2579
 4208
 4715
 9674
 4815
 6779
 8488
 4811
 7184
 2969
 6495
 1841
 9289
 8209
 2460
 8434
  304
 1287
 6308
 5676
 6867
 5718
 7826
 3158
 2551
 4416
 7963
 9730
 3447
 7561
  459
 5886
 1827
 3030
 9440
  651
 9346
  990
 8250
 1205
  743
  663
 8258
 2818
 7702
 5654
 2891
 6513
 3845
 5872
 4097
   21
 9591
 4980
 9279
 8350
 6378
 9125
 8085
 6114
  322
 4984
 6115
 3804
 8704
 6898
 6388
 3338
 1621
 6836
 8234
 6922
 6092
 4878
 3510
 9908
 4030
 1348
 8169
 3271
 1484
  943
 2610
 7713
 6466
  122
 9541
 9112
 6614
 8929
 3586
 4650
 1367
 5955
 5309
 8454
 4256
 9459
 9266
 8587
 6402
 1036
 1113
 6660
 7841
 7566
 1952
 2728
 8915
 5559
 7256
 5805
 5862
 1072
 7418
 7273
 9711
 4315
 8334
 5238
 7257
 2273
 3059
 2533
 9818
 7281
 2987
 6599
 5532
 9117
 1919
 4536
 8495
 5017
 5588
   74
 6291
 4290
 7772
 2029
 7353
  110
 1573
 8284
 5027
  263
 2737
 8484
 7529
 5558
 9858
 2472
 1548
 4012
 1713
 5365
 4233
 1894
 6221
 6640
 9675
 8109
 6477
  308
  219
 4196
 6989
 9516
 3857
 2799
 7557
 8270
 8379
 9501
 1792
 8899
 9557
 9122
 7085
 8418
 5771
 1653
 2143
 2035
 2073
 6142
  244
 2310
 4064
 4149
 9878
 3534
 6780
 1777
 7602
  726
 8540
 3678
 9580
 4531
 3709
 2763
 1610
 5215
 9527
 8564
 6790
 1699
 9324
 1032
 4507
 5891
 9955
 9437
 9412
 5629
 4796
 7966
  782
 2875
 1437
 2321
 1055
 6842
 5371
 2731
  983
  887
 8964
 7899
  552
 7405
 6160
 2938
 4151
 4695
 7455
 7865
 9700
 9761
 1453
 2373
 2871
 8313
 6009
 1906
 4359
 6882
 2167
 1884
 5057
 9588
 6363
 7104
 5143
 1040
 6548
 2637
 4319
 2774
 5921
 7201
 8200
 7989
 7206
 2560
 3687
 5353
 4949
 1035
 6528
 4528
 4818
 2145
 3008
 6273
 1766
 7110
 7753
 9381
 1674
  533
 4518
 6274
 5884
 5648
 9296
 6032
  401
 8065
 5170
  851
 4365
 7414
 8382
 1859
 8668
 6190
 8834
 2044
 6072
 9176
 9249
 1238
 3581
 1891
 1088
 2217
  342
 4748
 6433
 1064
 6659
 3314
 9849
 7467
  454
 8107
 6145
 8196
 5011
 4072
 9094
 6208
 9061
 6353
 5776
 8110
 4581
 2869
 8904
 8862
 4454
 6969
  975
 7045
 9444
 8501
  278
 7218
 8908
 8505
 4477
  351
 7737
 5432
 6672
 1835
 1751
 8537
 6876
 7461
 3339
 7494
 4092
 9247
 8609
   31
 3278
 4540
 9146
 5639
 6750
 8351
 4745
 7676
  940
  347
 6985
 3318
  111
 4306
 6538
 3445
 9912
 9644
 7501
 3790
 3500
 5182
 2090
 6600
 8308
 2910
 3507
  425
 9613
 1814
 8267
 4009
 1705
 3723
 2107
  988
 6349
 8212
 5716
 2867
 7084
 2991
 9087
 7694
 8180
 3279
 5496
 4905
 8176
 4970
 5102
 2293
 9000
 5836
 7099
 2636
 3370
  997
 2468
 3425
 7817
 1604
 8464
 2942
 7634
 9010
 9250
 1681
  156
 1641
 7629
 8688
 9435
 3312
 8513
 9305
 7336
 7247
  317
 6186
 3879
 7539
 7968
 6843
 8771
 6342
 7643
 1634
 2812
 8696
 7272
 8323
 7727
 8765
 9953
 9847
  355
 9879
 6880
  549
 1706
 7355
 7221
  780
 8917
 9934
 6862
 3406
 4677
 2184
 9544
 8415
 8236
 3025
 6061
 3035
  211
 4170
 4608
 5606
 8338
 5890
 3679
 7904
 4902
 1483
 3053
 3543
 7516
 3561
 2066
 5981
 2901
 1021
 2561
  844
 1920
 6144
 1278
 6403
 2298
 7371
  610
 4974
 9193
 6532
 8793
  814
  662
 4719
 9601
 8187
 6257
 1188
 3198
 9471
 3522
 7552
  652
  901
 5443
 6874
 4568
 7657
 4356
 3146
 2545
 5621
 3954
 5197
 9252
  368
 6404
 2771
 8780
 3516
 3800
 2617
 6137
 5233
  707
 1144
 7055
 4606
   93
  865
 5296
 7180
  135
 3421
 9999
 6963
 7238
 8866
 1594
 8984
 3266
 6108
 4419
 4347
 2935
 8147
 2267
 4090
 9622
 5747
 2744
 6834
 8507
 3731
 7149
 5000
 8275
 7813
 4380
 3715
  835
 4622
 7424
 4708
 1124
 4427
 5324
 1153
 7924
 9003
 5845
 4641
 6359
 4877
 1804
 2830
 4238
 9659
 6992
  926
 5792
 3144
 8858
 2669
 8050
 3044
 2427
 6246
 6036
 8913
 2266
 3889
 3524
 8494
 8133
 4225
 6982
 5327
 8138
 3713
 3711
  415
 1877
 8360
 9543
 2662
 6665
  272
 8628
 1428
 7591
 7686
 8951
 9147
 2931
  528
 3587
 3280
 1349
 8671
   67
 6566
 8204
 2719
 1794
 1242
 4913
 8333
 2118
  375
 6697
 5634
 7139
 5671
 9009
 4104
 2086
 8830
 2254
  365
 2538
 6476
 7236
  294
 5223
 5360
 7654
  192
 7696
 3201
 9149
 5750
 1363
 7439
 4785
 7179
 4289
 5119
 5012
 5952
 4247
 5082
 4195
 3623
 3874
 5389
 4418
  928
 8859
 4890
 2699
 4583
  831
 6056
 1395
 4000
 6777
 5864
 6910
 9978
 5483
 7610
 4135
 2004
 3508
 9763
  545
 7011
 6057
 6028
 5870
 8728
 6997
 5696
 2269
 3040
 2711
 7943
 6325
 2362
 5362
 9823
 2033
 9062
 2150
 2491
  560
 4752
 2003
 4599
 7109
 5018
 6094
 3136
 4744
 3043
 2414
 4931
 2814
 2122
 2945
 4569
 2695
 7374
 5226
 9127
 5796
 7401
 8427
  381
 8449
 3808
 6034
 5600
  169
 4452
 9357
 8853
 9508
  226
 5442
 8772
 1312
 1962
 1984
 2582
 9759
   13
 1258
  998
 6687
 3087
  870
 8811
 5869
 1314
 4586
 3165
 2619
 8503
 6840
 9153
 8312
 6111
 9514
 7032
 2856
  510
 9835
 2232
  535
  656
 3282
 1195
 5142
 6627
 4611
 4771
 1790
 5909
 8684
 2248
 9614
 8795
 4482
 5078
 2758
 6278
 7029
 3148
  930
 9566
 2110
 4451
  470
 3299
 5482
 4458
 1250
 3585
 1743
 2642
 3255
 2757
 8391
 2459
 9430
 5277
 6576
 3926
  214
 9195
 3191
  796
 8872
 2317
 3050
 6831
 8818
  336
 3775
 8273
 3108
 1756
 8856
 2204
 1414
 5212
 3461
 3969
 4212
 5570
 1397
  431
 8188
 6385
 6753
 3453
 1567
 8691
 5147
 5331
  756
 3182
 4447
 2767
 2379
 3228
 8130
 4386
 8399
  866
 1027
 9088
 8349
 7532
 9777
 8331
 7907
 1291
 7223
  296
  125
 9363
 4036
 4508
 3362
 8798
 7778
 4886
 7097
 8788
 8353
 1583
  828
 8162
 6251
 7277
 4717
 6770
 1658
 5763
 6175
 6907
 3835
 7253
 9715
 7140
 6372
 7429
  722
 3487
 9825
 6369
 5158
 4364
 2492
  985
 5540
 9067
  597
 1231
 5374
  307
 6635
 3902
 8685
 1753
 9419
 6619
 4492
 9017
 1692
 6551
 4656
 8949
 4263
 4435
 3965
 2171
 6088
 7849
 3409
  173
 3806
 7824
  312
 8202
 6553
 5854
  661
 8611
 7252
 1415
 2653
 7291
 9211
 6816
 6310
 8262
 7775
 6275
 9387
 4834
 7797
 3143
  995
 7320
 3751
  253
 7387
 9197
 4008
  601
 6506
 6401
 7292
 8995
  767
 9275
 9512
 8143
 9785
 5849
 7475
 5112
  671
 5509
 3535
 7102
 8496
 5563
 6444
 7726
 3515
 5284
 9875
 7386
 8819
 1175
 8936
 4252
 8056
 8151
 1879
 8438
 8703
 1898
 4022
  291
 7544
 3788
 1836
 6516
 2521
 4812
 5510
 9488
 3384
 8420
 6015
 5125
 7994
 6203
 2479
 9997
 7880
  313
 9832
  267
 6268
 5129
 6066
 6952
   42
 5003
 8193
 8661
 4699
 3007
 2279
 3250
 8054
 9846
 1745
 8924
 9400
  487
 7574
 1863
 5679
 6630
 3809
 5411
 2517
 6911
 1847
 3401
 2252
 9924
  387
 3209
 3708
  440
 6416
 7087
 3229
 7693
 3269
 6833
 6136
  567
 4258
 5525
 4792
 8946
 4952
 8393
 5315
 7612
 5175
 2872
 2442
 7603
 1520
 5912
 2842
 3166
 2438
 8083
 6889
 5670
 1030
 1240
 1791
 9611
 7948
 4244
 2116
  713
 1490
 2042
 6636
 5412
 7653
 8549
 9790
 3840
 7846
 9517
 9121
 1084
 5473
 7872
 3123
 7341
 2504
 7021
 5896
 5821
  217
 7121
 1536
 3130
 8828
 4240
 7119
 8699
 9862
 7034
 9434
 8325
 3356
 6607
 2522
 1212
 7393
 6637
 3506
 3550
 3849
 2739
 8714
 7286
  282
 6052
 6282
 5280
 1375
 1252
   87
  429
 1236
 6074
 6054
 1180
 3476
  246
 4373
 8644
 9555
  325
 2999
 5202
  146
 3173
 5297
 8297
 4790
 4712
 9084
 5785
 8796
 2470
 4363
 7709
 4694
 7858
 5059
 9055
 2718
 9780
 5990
 6117
 4081
  628
 4248
 6434
 4595
 9900
 7367
 2716
 2277
 8131
 3259
 5809
 6410
 5330
  594
 4525
 5045
 6224
 4408
 6605
 4999
 6185
 5999
 9635
 2034
 5398
 9401
 1204
 5248
  954
 6972
 4787
 3486
 5333
 2001
 7330
 6213
 5594
  114
 4661
 5101
 6710
 4810
 6267
 5882
 6189
 8141
 6822
 7373
 1405
 2749
 2147
 2772
 4833
 3588
 7638
 2674
 3798
 9698
 8199
 7150
 4825
 1772
 4134
 2382
 3345
 3122
 3483
 8544
 6823
 2123
   97
 6968
 8955
 7384
 1108
 1869
 5009
 6096
 8625
 5231
 3532
  689
 6560
 8445
  100
 7471
 9198
 3494
 5118
 5752
 1718
 3862
 1556
 6806
 7237
 9740
 4407
 2657
 5898
 9294
 5298
 5524
 2400
 3766
 3132
 9212
 3824
 7834
 8854
 9771
 3031
 7248
 1666
 7565
 2788
 8376
 7411
  519
 7394
 5500
 4979
 4177
 6703
 6675
 5633
 8214
 8114
 7127
 5881
 1336
 7794
 9572
 9638
 8737
 4663
 8679
  203
 6068
 5052
 3459
 8901
 7548
 6976
 1688
 5848
 8991
  573
 4106
 5313
 2135
 8092
 3794
 5181
 6602
 1677
 5406
 2911
  579
 9545
 2311
  502
 6502
 8525
 3801
 1112
 7124
 4930
 5381
 6946
 1345
 5043
 6005
 9052
 3213
 5965
 7496
 9837
 5359
 4465
 1219
 6087
 2622
 3452
 8264
 6638
 6265